1011000000100011
1011000000110101
1111001000110001
1111000100110100
1011010001010010
0100001100100011
0101001000100010
0001010001000001
0010001001000001
1010001000110000
0000010001000001
0110010000100010
1000001001000001
1100000101010011
1010001000000000
0001011001100001
0100011000010000
0001011001100001
0100011000110000
1110000100010101
0110011000010000
1011011001100001
0111001100110110
0001011001100001
0110001101110010
0100011001110000
0110011000110000
1011011001100001
0011001100110011
0110011000110000
1011011001100001
1010001000110000
1001000100110001
0001000100010011
1010000011110000
1111000000000001
